# oST version 5.0 parameters


[image]

width
640

height
480

[narrow_stereo]

camera matrix
895.957338 0.000000 333.621431
0.000000 895.348321 241.448886
0.000000 0.000000 1.000000

distortion
-0.088371 0.006396 -0.001980 0.000605 0.000000

rectification
1.000000 0.000000 0.000000
0.000000 1.000000 0.000000
0.000000 0.000000 1.000000

projection
885.611694 0.000000 334.156806 0.000000
0.000000 889.597290 241.075217 0.000000
0.000000 0.000000 1.000000 0.000000

